================================================================================
STATISTICAL ANALYSIS REPORT - Q Data
================================================================================

OVERALL STATISTICS
--------------------------------------------------------------------------------
total_records...........................       100800.00
mean_quantity...........................        13009.05
median_quantity.........................            0.00
std_quantity............................        71610.09
min_quantity............................            0.00
max_quantity............................      1123500.00
sum_quantity............................   1311312701.37
non_zero_pct............................           12.07

================================================================================

STATISTICS BY VACCINE
--------------------------------------------------------------------------------
           count      mean  median        std  min         max           sum
vaccine                                                                     
DT          4800   4695.85     0.0   14242.57  0.0    60100.00  2.254010e+07
DTwP        4800   2482.38     0.0    8924.04  0.0    60100.00  1.191542e+07
DTwP-Hib    2400   3616.76     0.0    6949.32  0.0    26005.00  8.680225e+06
HPV         7200    291.27     0.0    2831.97  0.0    60100.00  2.097171e+06
HepB        4800      0.00     0.0       0.00  0.0        0.00  0.000000e+00
Hexa        2400   6962.28     0.0   13160.95  0.0    48650.00  1.670947e+07
IPV         9600  24806.17     0.0   96421.84  0.0   898800.00  2.381392e+08
OPV        19200   7398.24     0.0   34082.77  0.0   467600.00  1.420462e+08
PCV         7200      0.01     0.0       0.10  0.0        0.72  1.025700e+02
Penta      12000  65126.78     0.0  172768.80  0.0  1123500.00  7.815214e+08
Rotavirus   7200   3308.60     0.0   13231.84  0.0   142800.00  2.382193e+07
TT          9600   1439.98     0.0    7389.04  0.0    60100.00  1.382376e+07
Td          9600   5210.18     0.0   14518.88  0.0    60100.00  5.001770e+07

================================================================================

STATISTICS BY MANUFACTURER
--------------------------------------------------------------------------------
                 count      mean  median        std  min         max           sum
manufacturer                                                                      
AJ_Vaccines       2400   9687.00     0.0   53183.09  0.0   557900.00  2.324879e+07
BB_NCIPD          7200   1622.06     0.0    6409.88  0.0    57967.00  1.167881e+07
Bharat_Biotech    4800   4268.04     0.0   15427.52  0.0   142800.00  2.048658e+07
Bilthoven         2400   5051.92     0.0   16714.99  0.0    63350.00  1.212460e+07
Biological_E      9600  11444.66     0.0   37467.49  0.0   266350.00  1.098687e+08
China_National    4800   2425.06     0.0   10833.05  0.0    87080.00  1.164031e+07
GSK               9600   2201.55     0.0    9800.01  0.0    60100.00  2.113484e+07
Haffkine_Bio      2400   1015.00     0.0    3641.58  0.0    24360.00  2.436000e+06
LG_Chem           7200  82463.50     0.0  215994.33  0.0  1123500.00  5.937372e+08
Merck_Sharp       2400    328.63     0.0    2142.54  0.0    19600.00  7.887062e+05
PT_Bio           12000  14326.68     0.0   45142.64  0.0   317100.00  1.719202e+08
Panacea_Biotec    4800  61655.11     0.0  127126.82  0.0   584500.00  2.959445e+08
Pfizer            2400      0.04     0.0       0.17  0.0        0.72  1.025700e+02
Sanofi            7200   2974.94     0.0    8565.78  0.0    48650.00  2.141957e+07
Serum_Institute  21600    689.06     0.0    2964.70  0.0    26005.00  1.488370e+07

================================================================================

STATISTICS BY TIME PERIOD START
--------------------------------------------------------------------------------
                   count      mean  median        std  min        max           sum
time_period_start                                                                  
1                  12600   2170.47     0.0   10416.35  0.0    60100.0  2.734796e+07
2                  12600  22793.16     0.0   97348.87  0.0  1108440.0  2.871938e+08
3                  12600  24388.72     0.0  101466.54  0.0  1123500.0  3.072978e+08
4                  12600   8796.84     0.0   62127.21  0.0  1123500.0  1.108402e+08
5                  12600  14412.27     0.0   80665.95  0.0  1123500.0  1.815945e+08
6                  12600   3816.67     0.0   42265.43  0.0  1123500.0  4.809001e+07
7                  10080  21178.68     0.0   87680.56  0.0   898800.0  2.134811e+08
8                   7560   2805.43     0.0   28806.64  0.0   674100.0  2.120906e+07
9                   5040  15056.36     0.0   52165.89  0.0   449400.0  7.588406e+07
10                  2520  15227.86     0.0   58791.05  0.0   557900.0  3.837420e+07

================================================================================

STATISTICS BY TIME PERIOD END
--------------------------------------------------------------------------------
                 count      mean  median       std  min        max           sum
time_period_end                                                                 
1                 2520   7419.50     0.0  18103.19  0.0    60100.0  1.869715e+07
2                 5040   5078.95     0.0  21288.87  0.0   209640.0  2.559792e+07
3                 7560   7866.64     0.0  37240.95  0.0   434340.0  5.947181e+07
4                10080  10296.77     0.0  53701.43  0.0   659040.0  1.037915e+08
5                12600  13181.03     0.0  69546.96  0.0   883740.0  1.660809e+08
6                12600  18665.14     0.0  92835.25  0.0  1108440.0  2.351807e+08
7                12600  15266.02     0.0  85841.14  0.0  1123500.0  1.923519e+08
8                12600  11599.80     0.0  69964.33  0.0  1123500.0  1.461574e+08
9                12600  13706.79     0.0  77313.18  0.0  1123500.0  1.727055e+08
10               12600  15180.78     0.0  76467.71  0.0  1123500.0  1.912778e+08

================================================================================

STATISTICS BY DISCOUNT LEVEL
--------------------------------------------------------------------------------
                count      mean  median       std  min        max           sum
discount_level                                                                 
1               50400   4502.49     0.0  13271.13  0.0    60100.0  2.269254e+08
2               50400  21515.62     0.0  99675.78  0.0  1123500.0  1.084387e+09

================================================================================

STATISTICS BY TIME PERIOD DURATION (END - START)
--------------------------------------------------------------------------------
                 count      mean  median        std  min        max           sum
period_duration                                                                  
0                25200   7058.42     0.0   30391.20  0.0   557900.0  1.778722e+08
1                22680  10260.98     0.0   47579.40  0.0   449400.0  2.327191e+08
2                20160  12812.01     0.0   67815.12  0.0   674100.0  2.582901e+08
3                17640  18449.61     0.0   94475.23  0.0   898800.0  3.254512e+08
4                15120  20964.29     0.0  111982.07  0.0  1123500.0  3.169801e+08

================================================================================

STATISTICS BY TRIAL
--------------------------------------------------------------------------------
       count      mean  median       std  min        max          sum
trial                                                                
1       3360  12918.37     0.0  71616.79  0.0  1123500.0  43405714.52
10      3360  11964.36     0.0  69640.33  0.0  1123500.0  40200237.39
11      3360  13238.40     0.0  71728.37  0.0  1123500.0  44481036.16
12      3360  12845.34     0.0  71558.04  0.0  1123500.0  43160344.95
13      3360  13277.94     0.0  71732.23  0.0  1123500.0  44613893.30
14      3360  12835.98     0.0  70538.32  0.0  1123500.0  43128883.88
15      3360  13443.02     0.0  72551.43  0.0  1123500.0  45168554.29
16      3360  12842.43     0.0  71564.26  0.0  1123500.0  43150580.29
17      3360  12825.89     0.0  70770.88  0.0  1123500.0  43094991.97
18      3360  12911.86     0.0  71226.80  0.0  1123500.0  43383838.11
19      3360  13371.64     0.0  72489.90  0.0  1123500.0  44928695.27
2       3360  13155.69     0.0  72368.99  0.0  1123500.0  44203119.15
20      3360  13292.81     0.0  72029.29  0.0  1123500.0  44663833.41
21      3360  13032.87     0.0  72206.63  0.0  1123500.0  43790448.45
22      3360  13251.58     0.0  71870.39  0.0  1123500.0  44525296.14
23      3360  13401.56     0.0  72178.48  0.0  1123500.0  45029240.89
24      3360  13443.44     0.0  72624.08  0.0  1123500.0  45169953.13
25      3360  12965.67     0.0  72012.18  0.0  1123500.0  43564642.65
26      3360  13085.71     0.0  71199.60  0.0  1123500.0  43967974.60
27      3360  13343.42     0.0  72081.77  0.0  1123500.0  44833885.48
28      3360  13078.38     0.0  71484.17  0.0  1123500.0  43943359.23
29      3360  13258.27     0.0  72270.69  0.0  1123500.0  44547802.89
3       3360  13558.91     0.0  72966.27  0.0  1123500.0  45557928.60
30      3360  12982.33     0.0  71653.77  0.0  1123500.0  43620643.68
4       3360  12968.71     0.0  70952.42  0.0  1123500.0  43574879.97
5       3360  13531.50     0.0  73031.62  0.0  1123500.0  45465837.35
6       3360  12936.58     0.0  71945.06  0.0  1123500.0  43466906.74
7       3360  13223.10     0.0  73081.06  0.0  1123500.0  44429622.64
8       3360  11809.26     0.0  68710.85  0.0  1123500.0  39679117.86
9       3360  11476.62     0.0  68217.17  0.0  1123500.0  38561438.34

================================================================================
