================================================================================
STATISTICAL ANALYSIS REPORT - Q Data
================================================================================

OVERALL STATISTICS
--------------------------------------------------------------------------------
total_records...........................       100800.00
mean_quantity...........................        19693.25
median_quantity.........................            0.00
std_quantity............................        89613.09
min_quantity............................            0.00
max_quantity............................      1123500.00
sum_quantity............................   1985079780.95
non_zero_pct............................           18.80

================================================================================

STATISTICS BY VACCINE
--------------------------------------------------------------------------------
           count       mean  median        std  min        max           sum
vaccine                                                                     
DT          4800    8017.82     0.0   16426.07  0.0    60100.0  3.848552e+07
DTwP        4800    5179.91     0.0   13445.41  0.0    60100.0  2.486358e+07
DTwP-Hib    2400    5153.76     0.0    7072.14  0.0    26005.0  1.236902e+07
HPV         7200     792.43     0.0    5316.06 -0.0    60100.0  5.705481e+06
HepB        4800     375.63     0.0    4736.94  0.0    60100.0  1.803000e+06
Hexa        2400   11225.55     0.0   15167.55  0.0    48650.0  2.694132e+07
IPV         9600   45583.67     0.0  136910.43  0.0   898800.0  4.376032e+08
OPV        19200    5827.07     0.0   20842.87  0.0   389460.0  1.118797e+08
PCV         7200     351.28     0.0    4535.06  0.0    60100.0  2.529220e+06
Penta      12000  101353.85     0.0  205643.62  0.0  1123500.0  1.216246e+09
Rotavirus   7200    4386.34     0.0   15356.09  0.0   142800.0  3.158163e+07
TT          9600    1323.62     0.0    7248.66  0.0    60100.0  1.270677e+07
Td          9600    6496.37     0.0   14880.55  0.0    60100.0  6.236515e+07

================================================================================

STATISTICS BY MANUFACTURER
--------------------------------------------------------------------------------
                 count       mean  median        std  min         max           sum
manufacturer                                                                       
AJ_Vaccines       2400   13052.25     0.0   60187.11  0.0   557900.00  3.132539e+07
BB_NCIPD          7200    2794.11     0.0    9068.95  0.0    54077.33  2.011758e+07
Bharat_Biotech    4800    6482.70     0.0   19085.33  0.0   142800.00  3.111697e+07
Bilthoven         2400    7519.96     0.0   19940.52  0.0    63350.00  1.804790e+07
Biological_E      9600   18675.61     0.0   45986.13  0.0   261350.00  1.792859e+08
China_National    4800    2779.69     0.0   11143.04 -0.0    87080.00  1.334250e+07
GSK               9600    2354.20     0.0    9087.33  0.0    60100.00  2.260030e+07
Haffkine_Bio      2400    1011.96     0.0    2688.73  0.0     8932.00  2.428692e+06
LG_Chem           7200  142470.60     0.0  272096.35  0.0  1123500.00  1.025788e+09
Merck_Sharp       2400    1304.88     0.0    5715.67  0.0    49000.00  3.131723e+06
PT_Bio           12000   19199.29     0.0   47327.36  0.0   267100.00  2.303915e+08
Panacea_Biotec    4800   72143.96     0.0  123950.22  0.0   484500.00  3.462910e+08
Pfizer            2400    1053.84     0.0    7808.76  0.0    60100.00  2.529220e+06
Sanofi            7200    4754.58     0.0   10233.82  0.0    48650.00  3.423294e+07
Serum_Institute  21600    1131.94     0.0    3759.82  0.0    26005.00  2.444990e+07

================================================================================

STATISTICS BY TIME PERIOD START
--------------------------------------------------------------------------------
                   count      mean  median        std  min        max           sum
time_period_start                                                                  
1                  12600   2735.35     0.0   11591.87  0.0    60100.0  3.446540e+07
2                  12600  21037.37     0.0   94588.72  0.0  1108440.0  2.650708e+08
3                  12600  22230.35     0.0   97920.10  0.0  1123500.0  2.801024e+08
4                  12600  23069.97     0.0  100967.15  0.0  1123500.0  2.906816e+08
5                  12600  23840.16     0.0  104579.05  0.0  1123500.0  3.003860e+08
6                  12600  25548.77     0.0  108611.81  0.0  1123500.0  3.219145e+08
7                  10080  22192.02     0.0   92262.33  0.0   898800.0  2.236956e+08
8                   7560  18577.82     0.0   74393.36  0.0   674100.0  1.404484e+08
9                   5040  16174.16     0.0   56373.37  0.0   449400.0  8.151779e+07
10                  2520  18570.38     0.0   66351.13  0.0   557900.0  4.679735e+07

================================================================================

STATISTICS BY TIME PERIOD END
--------------------------------------------------------------------------------
                 count      mean  median        std  min        max           sum
time_period_end                                                                  
1                 2520   8345.00     0.0   18832.57  0.0    60100.0  2.102940e+07
2                 5040   4857.86     0.0   20986.03  0.0   209640.0  2.448363e+07
3                 7560   8282.33     0.0   36949.31  0.0   434340.0  6.261440e+07
4                10080  11015.46     0.0   53533.38  0.0   659040.0  1.110358e+08
5                12600  15251.47     0.0   71184.70  0.0   883740.0  1.921685e+08
6                12600  22973.62     0.0   97370.65  0.0  1108440.0  2.894676e+08
7                12600  23772.46     0.0  100594.38  0.0  1123500.0  2.995330e+08
8                12600  24234.07     0.0  104258.68  0.0  1123500.0  3.053493e+08
9                12600  25438.90     0.0  108395.94  0.0  1123500.0  3.205301e+08
10               12600  28481.59     0.0  114771.34  0.0  1123500.0  3.588680e+08

================================================================================

STATISTICS BY DISCOUNT LEVEL
--------------------------------------------------------------------------------
                count      mean  median        std  min        max           sum
discount_level                                                                  
1               50400   6894.16     0.0   15516.19  0.0    60100.0  3.474656e+08
2               50400  32492.34     0.0  124470.00  0.0  1123500.0  1.637614e+09

================================================================================

STATISTICS BY TIME PERIOD DURATION (END - START)
--------------------------------------------------------------------------------
                 count      mean  median        std  min        max           sum
period_duration                                                                  
0                25200  11639.75     0.0   36665.49  0.0   557900.0  2.933216e+08
1                22680  13998.80     0.0   59185.92  0.0   449400.0  3.174928e+08
2                20160  20497.19     0.0   87536.40  0.0   674100.0  4.132233e+08
3                17640  26510.59     0.0  115114.97  0.0   898800.0  4.676469e+08
4                15120  32631.96     0.0  141379.12  0.0  1123500.0  4.933952e+08

================================================================================

STATISTICS BY TRIAL
--------------------------------------------------------------------------------
       count      mean  median       std  min        max          sum
trial                                                                
1       3360  19054.85     0.0  88014.18  0.0  1123500.0  64024281.70
10      3360  19802.80     0.0  89927.74  0.0  1123500.0  66537423.12
11      3360  19891.50     0.0  89940.57  0.0  1123500.0  66835452.70
12      3360  19524.81     0.0  89109.85  0.0  1123500.0  65603349.70
13      3360  19967.63     0.0  90013.35  0.0  1123500.0  67091220.70
14      3360  19526.59     0.0  89178.84  0.0  1123500.0  65609357.70
15      3360  19638.44     0.0  89627.73  0.0  1123500.0  65985173.70
16      3360  19556.06     0.0  89375.10  0.0  1123500.0  65708376.35
17      3360  19157.53     0.0  88586.48  0.0  1123500.0  64369312.41
18      3360  20040.76     0.0  90402.10  0.0  1123500.0  67336949.70
19      3360  19825.14     0.0  90042.11  0.0  1123500.0  66612478.70
2       3360  19490.57     0.0  88937.50  0.0  1123500.0  65488330.55
20      3360  19976.55     0.0  90399.14  0.0  1123500.0  67121203.70
21      3360  20069.37     0.0  90106.09  0.0  1123500.0  67433074.43
22      3360  19626.65     0.0  89778.54  0.0  1123500.0  65945542.70
23      3360  19776.61     0.0  89834.97  0.0  1123500.0  66449407.36
24      3360  19733.52     0.0  89736.84  0.0  1123500.0  66304623.78
25      3360  19602.89     0.0  89727.90  0.0  1123500.0  65865709.70
26      3360  19531.48     0.0  89637.76  0.0  1123500.0  65625786.25
27      3360  20064.42     0.0  90232.32  0.0  1123500.0  67416435.63
28      3360  19761.87     0.0  89724.38  0.0  1123500.0  66399881.18
29      3360  19960.49     0.0  90077.67  0.0  1123500.0  67067257.70
3       3360  19807.89     0.0  89866.47  0.0  1123500.0  66554493.98
30      3360  19491.60     0.0  88913.24  0.0  1123500.0  65491774.21
4       3360  19405.28     0.0  89326.25  0.0  1123500.0  65201724.87
5       3360  19708.02     0.0  89767.33  0.0  1123500.0  66218942.70
6       3360  19377.66     0.0  89370.58  0.0  1123500.0  65108938.00
7       3360  20085.32     0.0  90203.38  0.0  1123500.0  67486684.40
8       3360  19851.00     0.0  89804.42  0.0  1123500.0  66699364.84
9       3360  19490.25     0.0  89056.92  0.0  1123500.0  65487228.49

================================================================================
