================================================================================
STATISTICAL ANALYSIS REPORT - Q Data
================================================================================

OVERALL STATISTICS
--------------------------------------------------------------------------------
total_records...........................       100800.00
mean_quantity...........................        23109.76
median_quantity.........................            0.00
std_quantity............................        97145.83
min_quantity............................            0.00
max_quantity............................      1123500.00
sum_quantity............................   2329463465.00
non_zero_pct............................           20.88

================================================================================

STATISTICS BY VACCINE
--------------------------------------------------------------------------------
           count       mean  median        std  min        max           sum
vaccine                                                                     
DT          4800    9736.25     0.0   17470.98  0.0    60100.0  4.673400e+07
DTwP        4800    5241.18     0.0   13830.47  0.0    60100.0  2.515764e+07
DTwP-Hib    2400     741.14     0.0    1392.89  0.0     5201.0  1.778742e+06
HPV         7200   11187.00     0.0   22126.02  0.0   148036.0  8.054643e+07
HepB        4800     375.63     0.0    4736.94  0.0    60100.0  1.803000e+06
Hexa        2400   17092.48     0.0   22445.15  0.0    60100.0  4.102196e+07
IPV         9600   46659.75     0.0  140944.05  0.0   898800.0  4.479336e+08
OPV        19200    6151.52     0.0   22435.22  0.0   244210.0  1.181091e+08
PCV         7200    6282.20     0.0   16584.69  0.0    60100.0  4.523187e+07
Penta      12000  118686.79     0.0  222753.48  0.0  1123500.0  1.424242e+09
Rotavirus   7200    8570.70     0.0   26700.16  0.0   271320.0  6.170906e+07
TT          9600     677.70     0.0    5034.78  0.0    60100.0  6.505895e+06
Td          9600    2988.61     0.0   10367.07  0.0    60100.0  2.869063e+07

================================================================================

STATISTICS BY MANUFACTURER
--------------------------------------------------------------------------------
                 count       mean  median        std  min        max           sum
manufacturer                                                                      
AJ_Vaccines       2400   15827.12     0.0   82060.14  0.0   725270.0  3.798510e+07
BB_NCIPD          7200    3110.30     0.0    9827.22  0.0    47565.0  2.239419e+07
Bharat_Biotech    4800    9197.14     0.0   30361.64  0.0   271320.0  4.414628e+07
Bilthoven         2400    7553.12     0.0   19990.83  0.0    63350.0  1.812750e+07
Biological_E      9600   25007.93     0.0   72464.84  0.0   442976.0  2.400761e+08
China_National    4800   10818.45     0.0   22505.76  0.0   148036.0  5.192855e+07
GSK               9600    9969.02     0.0   19978.74  0.0    60100.0  9.570264e+07
Haffkine_Bio      2400    1015.00     0.0    2686.00  0.0     8120.0  2.436000e+06
LG_Chem           7200  143061.25     0.0  272813.35  0.0  1123500.0  1.030041e+09
Merck_Sharp       2400    5309.15     0.0   15238.42  0.0    58800.0  1.274196e+07
PT_Bio           12000   20379.73     0.0   52562.55  0.0   301718.0  2.445568e+08
Panacea_Biotec    4800   92630.34     0.0  177380.38  0.0   862410.0  4.446256e+08
Pfizer            2400    7455.12     0.0   19734.53  0.0    60100.0  1.789230e+07
Sanofi            7200    6186.66     0.0   15336.50  0.0    60100.0  4.454394e+07
Serum_Institute  21600    1030.81     0.0    3674.41  0.0    26005.0  2.226548e+07

================================================================================

STATISTICS BY TIME PERIOD START
--------------------------------------------------------------------------------
                   count      mean  median        std  min        max          sum
time_period_start                                                                 
1                  12600   2952.06     0.0   12076.90  0.0    60100.0   37195911.0
2                  12600  23345.94     0.0   99006.97  0.0  1108440.0  294158817.0
3                  12600  25155.46     0.0  104565.48  0.0  1123500.0  316958763.0
4                  12600  26744.38     0.0  109930.25  0.0  1123500.0  336979170.0
5                  12600  28396.02     0.0  113679.07  0.0  1123500.0  357789851.0
6                  12600  29858.62     0.0  118050.14  0.0  1123500.0  376218577.0
7                  10080  26924.31     0.0  100257.49  0.0   898800.0  271397086.0
8                   7560  22807.42     0.0   80881.02  0.0   674100.0  172424096.0
9                   5040  21004.08     0.0   64634.29  0.0   449400.0  105860553.0
10                  2520  24000.25     0.0   87490.42  0.0   725270.0   60480641.0

================================================================================

STATISTICS BY TIME PERIOD END
--------------------------------------------------------------------------------
                 count      mean  median        std  min        max          sum
time_period_end                                                                 
1                 2520   8528.33     0.0   18997.81  0.0    60100.0   21491403.0
2                 5040   5016.60     0.0   21185.17  0.0   209640.0   25283676.0
3                 7560   8596.69     0.0   37595.79  0.0   434340.0   64990962.0
4                10080  11499.89     0.0   55512.95  0.0   659040.0  115918920.0
5                12600  16865.62     0.0   74938.44  0.0   883740.0  212506766.0
6                12600  25862.18     0.0  103490.84  0.0  1108440.0  325863427.0
7                12600  27589.47     0.0  108880.89  0.0  1123500.0  347627309.0
8                12600  30053.97     0.0  113783.66  0.0  1123500.0  378680008.0
9                12600  31520.58     0.0  118005.87  0.0  1123500.0  397159331.0
10               12600  34916.00     0.0  127093.47  0.0  1123500.0  439941663.0

================================================================================

STATISTICS BY DISCOUNT LEVEL
--------------------------------------------------------------------------------
                count      mean  median        std  min        max           sum
discount_level                                                                  
1               50400   8929.63     0.0   18421.84  0.0    60100.0  4.500533e+08
2               50400  37289.89     0.0  134659.89  0.0  1123500.0  1.879410e+09

================================================================================

STATISTICS BY TIME PERIOD DURATION (END - START)
--------------------------------------------------------------------------------
                 count      mean  median        std  min        max          sum
period_duration                                                                 
0                25200  13079.37     0.0   42115.02  0.0   725270.0  329600192.0
1                22680  16254.29     0.0   64071.19  0.0   449400.0  368647245.0
2                20160  23633.16     0.0   94306.68  0.0   674100.0  476444433.0
3                17640  31905.32     0.0  124371.84  0.0   898800.0  562809930.0
4                15120  39150.90     0.0  152688.12  0.0  1123500.0  591961665.0

================================================================================

STATISTICS BY TRIAL
--------------------------------------------------------------------------------
       count      mean  median       std  min        max         sum
trial                                                               
1       3360  23048.49     0.0  98543.01  0.0  1123500.0  77442930.7
10      3360  23125.86     0.0  96393.00  0.0  1123500.0  77702900.7
11      3360  23125.86     0.0  96393.00  0.0  1123500.0  77702900.7
12      3360  23111.77     0.0  98829.32  0.0  1123500.0  77655530.7
13      3360  23125.86     0.0  96393.00  0.0  1123500.0  77702900.7
14      3360  23029.05     0.0  99398.19  0.0  1123500.0  77377620.7
15      3360  23125.86     0.0  96393.00  0.0  1123500.0  77702900.7
16      3360  23056.27     0.0  98978.29  0.0  1123500.0  77469054.7
17      3360  23048.49     0.0  99403.53  0.0  1123500.0  77442930.7
18      3360  23125.86     0.0  96393.00  0.0  1123500.0  77702900.7
19      3360  23125.86     0.0  96393.00  0.0  1123500.0  77702900.7
2       3360  23111.77     0.0  98545.77  0.0  1123500.0  77655530.7
20      3360  23125.86     0.0  96393.00  0.0  1123500.0  77702900.7
21      3360  23125.86     0.0  96380.11  0.0  1123500.0  77702900.7
22      3360  23125.86     0.0  96393.00  0.0  1123500.0  77702900.7
23      3360  23125.86     0.0  96385.53  0.0  1123500.0  77702900.7
24      3360  23125.86     0.0  96393.00  0.0  1123500.0  77702900.7
25      3360  23116.43     0.0  96415.86  0.0  1123500.0  77671220.7
26      3360  23116.43     0.0  97279.95  0.0  1123500.0  77671220.7
27      3360  23125.86     0.0  96393.00  0.0  1123500.0  77702900.7
28      3360  23125.86     0.0  96393.00  0.0  1123500.0  77702900.7
29      3360  23125.86     0.0  96393.00  0.0  1123500.0  77702900.7
3       3360  23125.86     0.0  96393.00  0.0  1123500.0  77702900.7
30      3360  23048.49     0.0  98849.92  0.0  1123500.0  77442930.7
4       3360  23111.77     0.0  98387.98  0.0  1123500.0  77655530.7
5       3360  23125.86     0.0  96393.00  0.0  1123500.0  77702900.7
6       3360  23116.43     0.0  97278.92  0.0  1123500.0  77671220.7
7       3360  23125.86     0.0  96393.00  0.0  1123500.0  77702900.7
8       3360  23125.86     0.0  96393.00  0.0  1123500.0  77702900.7
9       3360  23111.77     0.0  97645.47  0.0  1123500.0  77655530.7

================================================================================
