================================================================================
STATISTICAL ANALYSIS REPORT - Q Data
================================================================================

OVERALL STATISTICS
--------------------------------------------------------------------------------
total_records...........................       100800.00
mean_quantity...........................        12286.78
median_quantity.........................            0.00
std_quantity............................        69946.13
min_quantity............................            0.00
max_quantity............................      1123500.00
sum_quantity............................   1238507485.49
non_zero_pct............................           12.07

================================================================================

STATISTICS BY VACCINE
--------------------------------------------------------------------------------
           count      mean  median        std  min         max           sum
vaccine                                                                     
DT          4800   4033.71     0.0   12325.42  0.0    60100.00  1.936180e+07
DTwP        4800   2402.93     0.0    8932.49  0.0    60100.00  1.153408e+07
DTwP-Hib    2400   3847.22     0.0    7160.96  0.0    26005.00  9.233324e+06
HPV         7200    240.34     0.0    2702.82  0.0    60100.00  1.730436e+06
HepB        4800      0.00     0.0       0.00  0.0        0.00  0.000000e+00
Hexa        2400   7080.01     0.0   13230.18  0.0    48650.00  1.699202e+07
IPV         9600  26672.18     0.0  101624.35  0.0   786450.00  2.560529e+08
OPV        19200   4980.44     0.0   20702.41  0.0   300390.00  9.562441e+07
PCV         7200      0.01     0.0       0.09  0.0        0.72  8.388000e+01
Penta      12000  62581.52     0.0  168652.94  0.0  1123500.00  7.509782e+08
Rotavirus   7200   2702.56     0.0   11081.49  0.0    71400.00  1.945846e+07
TT          9600    933.09     0.0    5917.71  0.0    60100.00  8.957699e+06
Td          9600   5060.84     0.0   14117.81  0.0    60100.00  4.858407e+07

================================================================================

STATISTICS BY MANUFACTURER
--------------------------------------------------------------------------------
                 count      mean  median        std  min         max           sum
manufacturer                                                                      
AJ_Vaccines       2400  11399.96     0.0   62851.83  0.0   557900.00  2.735991e+07
BB_NCIPD          7200   1594.79     0.0    6308.28  0.0    53235.00  1.148251e+07
Bharat_Biotech    4800   4745.16     0.0   17324.10  0.0   142800.00  2.277676e+07
Bilthoven         2400   5274.05     0.0   17074.74  0.0    63350.00  1.265772e+07
Biological_E      9600  11401.72     0.0   37550.80  0.0   261350.00  1.094565e+08
China_National    4800   2775.34     0.0   12359.36  0.0    87080.00  1.332163e+07
GSK               9600   2166.20     0.0    9310.10  0.0    60100.00  2.079556e+07
Haffkine_Bio      2400   1015.00     0.0    3626.45  0.0    24360.00  2.436000e+06
LG_Chem           7200  85180.32     0.0  218824.91  0.0  1123500.00  6.132983e+08
Merck_Sharp       2400    369.23     0.0    2520.49  0.0    19600.00  8.861433e+05
PT_Bio           12000  11972.13     0.0   38554.42  0.0   267100.00  1.436656e+08
Panacea_Biotec    4800  46535.76     0.0  103854.89  0.0   484500.00  2.233717e+08
Pfizer            2400      0.03     0.0       0.15  0.0        0.72  8.388000e+01
Sanofi            7200   3034.00     0.0    8638.20  0.0    48650.00  2.184483e+07
Serum_Institute  21600    701.59     0.0    3029.15  0.0    26005.00  1.515431e+07

================================================================================

STATISTICS BY TIME PERIOD START
--------------------------------------------------------------------------------
                   count      mean  median       std  min        max           sum
time_period_start                                                                 
1                  12600   2147.35     0.0  10194.97  0.0    60100.0  2.705658e+07
2                  12600  21021.67     0.0  94537.52  0.0  1108440.0  2.648730e+08
3                  12600  22224.90     0.0  97834.62  0.0  1123500.0  2.800337e+08
4                  12600  14107.17     0.0  79062.12  0.0  1123500.0  1.777504e+08
5                  12600   9947.14     0.0  67271.36  0.0  1123500.0  1.253339e+08
6                  12600      0.00     0.0      0.00  0.0        0.0  0.000000e+00
7                  10080  22761.96     0.0  92364.79  0.0   898800.0  2.294406e+08
8                   7560      0.00     0.0      0.00  0.0        0.0  0.000000e+00
9                   5040  17454.73     0.0  57722.72  0.0   449400.0  8.797181e+07
10                  2520  18272.80     0.0  69361.36  0.0   557900.0  4.604746e+07

================================================================================

STATISTICS BY TIME PERIOD END
--------------------------------------------------------------------------------
                 count      mean  median       std  min        max           sum
time_period_end                                                                 
1                 2520   7374.12     0.0  17704.37  0.0    60100.0  1.858279e+07
2                 5040   4856.59     0.0  21023.11  0.0   209640.0  2.447723e+07
3                 7560   7641.62     0.0  36622.04  0.0   434340.0  5.777066e+07
4                10080   9830.80     0.0  52708.87  0.0   659040.0  9.909443e+07
5                12600  12626.39     0.0  68453.26  0.0   883740.0  1.590925e+08
6                12600  17773.62     0.0  91264.99  0.0  1108440.0  2.239477e+08
7                12600  14438.10     0.0  85211.29  0.0  1123500.0  1.819201e+08
8                12600  11370.13     0.0  71826.28  0.0  1123500.0  1.432637e+08
9                12600  10941.41     0.0  67148.04  0.0  1123500.0  1.378617e+08
10               12600  15277.52     0.0  76424.16  0.0   898800.0  1.924967e+08

================================================================================

STATISTICS BY DISCOUNT LEVEL
--------------------------------------------------------------------------------
                count      mean  median       std  min        max           sum
discount_level                                                                 
1               50400   4443.13     0.0  13035.73  0.0    60100.0  2.239339e+08
2               50400  20130.43     0.0  97427.10  0.0  1123500.0  1.014574e+09

================================================================================

STATISTICS BY TIME PERIOD DURATION (END - START)
--------------------------------------------------------------------------------
                 count      mean  median        std  min        max           sum
period_duration                                                                  
0                25200   7231.47     0.0   32415.18  0.0   557900.0  1.822331e+08
1                22680   9871.21     0.0   47403.56  0.0   449400.0  2.238792e+08
2                20160  11771.54     0.0   65070.04  0.0   674100.0  2.373142e+08
3                17640  17577.29     0.0   93635.62  0.0   898800.0  3.100635e+08
4                15120  18850.37     0.0  107211.08  0.0  1123500.0  2.850176e+08

================================================================================

STATISTICS BY TRIAL
--------------------------------------------------------------------------------
       count      mean  median       std  min        max          sum
trial                                                                
1       3360  12101.45     0.0  69372.22  0.0  1123500.0  40660866.81
10      3360  12195.41     0.0  69786.90  0.0  1123500.0  40976571.22
11      3360  12485.25     0.0  70566.66  0.0  1123500.0  41950427.91
12      3360  12088.77     0.0  69335.94  0.0  1123500.0  40618281.28
13      3360  12203.32     0.0  69770.66  0.0  1123500.0  41003155.54
14      3360  11900.41     0.0  68531.78  0.0  1123500.0  39985378.22
15      3360  12478.57     0.0  70508.97  0.0  1123500.0  41927985.91
16      3360  11967.74     0.0  68800.36  0.0  1123500.0  40211591.23
17      3360  11910.72     0.0  68620.76  0.0  1123500.0  40020021.24
18      3360  12536.98     0.0  70566.59  0.0  1123500.0  42124264.82
19      3360  12249.54     0.0  69853.42  0.0  1123500.0  41158463.55
2       3360  12150.16     0.0  69623.07  0.0  1123500.0  40824527.33
20      3360  12506.74     0.0  70558.50  0.0  1123500.0  42022631.25
21      3360  12534.73     0.0  70599.68  0.0  1123500.0  42116707.43
22      3360  12194.92     0.0  69884.22  0.0  1123500.0  40974919.84
23      3360  12525.90     0.0  70649.24  0.0  1123500.0  42087040.45
24      3360  12549.51     0.0  70573.48  0.0  1123500.0  42166352.50
25      3360  12220.50     0.0  69876.82  0.0  1123500.0  41060886.29
26      3360  12212.14     0.0  69842.85  0.0  1123500.0  41032794.35
27      3360  12522.80     0.0  70572.73  0.0  1123500.0  42076611.62
28      3360  12201.53     0.0  69840.28  0.0  1123500.0  40997147.74
29      3360  12517.83     0.0  70563.19  0.0  1123500.0  42059917.06
3       3360  12228.79     0.0  69851.43  0.0  1123500.0  41088745.68
30      3360  12078.42     0.0  69201.28  0.0  1123500.0  40583493.78
4       3360  12105.71     0.0  69651.18  0.0  1123500.0  40675171.96
5       3360  12504.91     0.0  70643.12  0.0  1123500.0  42016487.58
6       3360  12492.60     0.0  70618.28  0.0  1123500.0  41975150.49
7       3360  12236.11     0.0  69841.22  0.0  1123500.0  41113333.33
8       3360  12510.39     0.0  70638.33  0.0  1123500.0  42034898.94
9       3360  12191.57     0.0  69850.74  0.0  1123500.0  40963660.11

================================================================================
