================================================================================
STATISTICAL ANALYSIS REPORT - Q Data
================================================================================

OVERALL STATISTICS
--------------------------------------------------------------------------------
total_records...........................       100800.00
mean_quantity...........................        12975.75
median_quantity.........................            0.00
std_quantity............................        71466.63
min_quantity............................            0.00
max_quantity............................      1123500.00
sum_quantity............................   1307955370.64
non_zero_pct............................           12.11

================================================================================

STATISTICS BY VACCINE
--------------------------------------------------------------------------------
           count      mean  median        std  min         max           sum
vaccine                                                                     
DT          4800   4692.72     0.0   14151.98  0.0    60100.00  2.252503e+07
DTwP        4800   2399.97     0.0    8711.70  0.0    60100.00  1.151987e+07
DTwP-Hib    2400   3625.00     0.0    6983.51  0.0    26005.00  8.699989e+06
HPV         7200    291.27     0.0    2696.83 -0.0    60100.00  2.097171e+06
HepB        4800      0.00     0.0       0.00  0.0        0.00  0.000000e+00
Hexa        2400   6962.83     0.0   13167.07  0.0    48650.00  1.671080e+07
IPV         9600  24644.09     0.0   95697.51  0.0   898800.00  2.365833e+08
OPV        19200   7381.20     0.0   34062.20  0.0   467600.00  1.417190e+08
PCV         7200      0.01     0.0       0.10  0.0        0.72  1.046300e+02
Penta      12000  65038.70     0.0  172640.78  0.0  1123500.00  7.804644e+08
Rotavirus   7200   3253.35     0.0   13014.52  0.0   142800.00  2.342409e+07
TT          9600   1397.98     0.0    7367.48  0.0    60100.00  1.342062e+07
Td          9600   5290.73     0.0   14634.40  0.0    88340.00  5.079102e+07

================================================================================

STATISTICS BY MANUFACTURER
--------------------------------------------------------------------------------
                 count      mean  median        std  min         max           sum
manufacturer                                                                      
AJ_Vaccines       2400   9717.05     0.0   52843.24  0.0   557900.00  2.332092e+07
BB_NCIPD          7200   1633.69     0.0    6623.53  0.0    59150.00  1.176254e+07
Bharat_Biotech    4800   4225.30     0.0   15165.87  0.0   142800.00  2.028146e+07
Bilthoven         2400   5014.31     0.0   16653.27  0.0    63350.00  1.203433e+07
Biological_E      9600  11463.24     0.0   37641.45 -0.0   266350.00  1.100471e+08
China_National    4800   2472.32     0.0   10778.98 -0.0    87080.00  1.186715e+07
GSK               9600   2136.88     0.0    9629.31  0.0    60100.00  2.051403e+07
Haffkine_Bio      2400   1015.00     0.0    3664.15  0.0    24360.00  2.436000e+06
LG_Chem           7200  82218.71     0.0  215613.58  0.0  1123500.00  5.919747e+08
Merck_Sharp       2400    288.62     0.0    1876.85  0.0    19600.00  6.926866e+05
PT_Bio           12000  14284.62     0.0   45096.16  0.0   317100.00  1.714154e+08
Panacea_Biotec    4800  61522.67     0.0  126700.06  0.0   584500.00  2.953088e+08
Pfizer            2400      0.04     0.0       0.17  0.0        0.72  1.046300e+02
Sanofi            7200   2979.99     0.0    8575.29  0.0    48650.00  2.145592e+07
Serum_Institute  21600    687.23     0.0    2974.26  0.0    26005.00  1.484417e+07

================================================================================

STATISTICS BY TIME PERIOD START
--------------------------------------------------------------------------------
                   count      mean  median        std  min        max           sum
time_period_start                                                                  
1                  12600   2169.93     0.0   10416.46  0.0    60100.0  2.734107e+07
2                  12600  22825.66     0.0   97299.07  0.0  1108440.0  2.876033e+08
3                  12600  24369.67     0.0  101455.39  0.0  1123500.0  3.070579e+08
4                  12600  12256.55     0.0   73149.38  0.0  1123500.0  1.544326e+08
5                  12600  10786.82     0.0   70146.40  0.0  1123500.0  1.359140e+08
6                  12600   3837.70     0.0   42320.71  0.0  1123500.0  4.835505e+07
7                  10080  21216.25     0.0   87722.64  0.0   898800.0  2.138598e+08
8                   7560   2847.77     0.0   28610.53  0.0   674100.0  2.152918e+07
9                   5040  14270.34     0.0   51006.43  0.0   449400.0  7.192253e+07
10                  2520  15849.23     0.0   58877.03  0.0   557900.0  3.994007e+07

================================================================================

STATISTICS BY TIME PERIOD END
--------------------------------------------------------------------------------
                 count      mean  median       std  min        max           sum
time_period_end                                                                 
1                 2520   7416.77     0.0  18100.53  0.0    60100.0  1.869026e+07
2                 5040   5066.48     0.0  21267.51  0.0   209640.0  2.553505e+07
3                 7560   8002.20     0.0  37278.02  0.0   434340.0  6.049665e+07
4                10080  10421.17     0.0  53867.65  0.0   659040.0  1.050454e+08
5                12600  13393.34     0.0  70033.09  0.0   883740.0  1.687561e+08
6                12600  18909.38     0.0  93478.18  0.0  1108440.0  2.382582e+08
7                12600  15533.17     0.0  86902.11  0.0  1123500.0  1.957179e+08
8                12600  11791.57     0.0  71652.49  0.0  1123500.0  1.485738e+08
9                12600  12469.64     0.0  72392.60  0.0  1123500.0  1.571175e+08
10               12600  15060.68     0.0  76108.08  0.0  1123500.0  1.897645e+08

================================================================================

STATISTICS BY DISCOUNT LEVEL
--------------------------------------------------------------------------------
                count      mean  median      std  min        max           sum
discount_level                                                                
1               50400   4494.55     0.0  13250.0  0.0    60100.0  2.265254e+08
2               50400  21456.94     0.0  99476.8  0.0  1123500.0  1.081430e+09

================================================================================

STATISTICS BY TIME PERIOD DURATION (END - START)
--------------------------------------------------------------------------------
                 count      mean  median        std  min        max           sum
period_duration                                                                  
0                25200   7133.57     0.0   30381.08  0.0   557900.0  1.797659e+08
1                22680  10006.87     0.0   47226.86  0.0   449400.0  2.269559e+08
2                20160  12865.82     0.0   67738.16  0.0   674100.0  2.593749e+08
3                17640  18433.52     0.0   94340.90  0.0   898800.0  3.251673e+08
4                15120  20945.19     0.0  111792.82  0.0  1123500.0  3.166913e+08

================================================================================

STATISTICS BY TRIAL
--------------------------------------------------------------------------------
       count      mean  median       std  min        max          sum
trial                                                                
1       3360  12884.91     0.0  71610.49  0.0  1123500.0  43293305.55
10      3360  13289.29     0.0  71830.91  0.0  1123500.0  44652014.29
11      3360  13360.73     0.0  71751.24  0.0  1123500.0  44892059.78
12      3360  12558.21     0.0  70841.86  0.0  1123500.0  42195600.72
13      3360  11910.73     0.0  69392.41  0.0  1123500.0  40020068.43
14      3360  11490.84     0.0  67605.88  0.0  1123500.0  38609228.96
15      3360  13443.02     0.0  72551.43  0.0  1123500.0  45168554.57
16      3360  12842.43     0.0  71564.21  0.0  1123500.0  43150580.78
17      3360  12825.89     0.0  70733.32  0.0  1123500.0  43094991.97
18      3360  13698.13     0.0  73534.71  0.0  1123500.0  46025726.17
19      3360  13284.91     0.0  71648.03  0.0  1123500.0  44637301.88
2       3360  11678.41     0.0  68103.39  0.0  1123500.0  39239441.09
20      3360  13308.20     0.0  72016.64  0.0  1123500.0  44715540.73
21      3360  13009.93     0.0  72201.98  0.0  1123500.0  43713374.94
22      3360  13251.58     0.0  71870.40  0.0  1123500.0  44525296.14
23      3360  13274.20     0.0  72237.70  0.0  1123500.0  44601309.70
24      3360  13394.54     0.0  72613.44  0.0  1123500.0  45005648.50
25      3360  12985.92     0.0  72009.85  0.0  1123500.0  43632696.65
26      3360  13085.71     0.0  71285.59  0.0  1123500.0  43967974.60
27      3360  13284.20     0.0  72084.45  0.0  1123500.0  44634926.57
28      3360  13176.87     0.0  71376.02  0.0  1123500.0  44274294.93
29      3360  13258.27     0.0  72168.51  0.0  1123500.0  44547802.89
3       3360  13309.46     0.0  72203.10  0.0  1123500.0  44719772.74
30      3360  12960.36     0.0  71639.71  0.0  1123500.0  43546821.39
4       3360  13031.52     0.0  70939.52  0.0  1123500.0  43785919.97
5       3360  12007.34     0.0  70028.55  0.0  1123500.0  40344678.70
6       3360  13010.68     0.0  72031.47  0.0  1123500.0  43715900.04
7       3360  13234.48     0.0  71830.42  0.0  1123500.0  44467841.13
8       3360  13340.56     0.0  72333.43  0.0  1123500.0  44824295.40
9       3360  13081.07     0.0  71891.84  0.0  1123500.0  43952401.43

================================================================================
