================================================================================
STATISTICAL ANALYSIS REPORT - Q Data
================================================================================

OVERALL STATISTICS
--------------------------------------------------------------------------------
total_records...........................        94080.00
mean_quantity...........................        24979.04
median_quantity.........................            0.00
std_quantity............................       103206.13
min_quantity............................            0.00
max_quantity............................      1123500.00
sum_quantity............................   2350028342.60
non_zero_pct............................           20.54

================================================================================

STATISTICS BY VACCINE
--------------------------------------------------------------------------------
           count       mean  median        std  min         max           sum
vaccine                                                                      
DT          4480   10467.04     0.0   18853.79  0.0    60100.00  4.689233e+07
DTwP        4480    5368.68     0.0   14410.11  0.0    60100.00  2.405166e+07
DTwP-Hib    2240     694.94     0.0    1358.07  0.0     5201.00  1.556659e+06
HPV         6720   15517.86     0.0   33580.92  0.0   235660.00  1.042800e+08
HepB        4480     375.63     0.0    4736.98  0.0    60100.00  1.682800e+06
Hexa        2240   17122.40     0.0   22462.39  0.0    60100.00  3.835417e+07
IPV         8960   46841.21     0.0  141596.61  0.0   978166.46  4.196972e+08
OPV        17920    5815.42     0.0   22497.26  0.0   282210.00  1.042122e+08
PCV         6720    6401.45     0.0   17129.38  0.0    60100.00  4.301773e+07
Penta      11200  130078.46     0.0  238764.87  0.0  1123500.00  1.456879e+09
Rotavirus   6720    8847.08     0.0   27129.09  0.0   271320.00  5.945237e+07
TT          8960    1445.14     0.0    7884.32  0.0    60100.00  1.294845e+07
Td          8960    4129.90     0.0   11577.18  0.0    60100.00  3.700392e+07

================================================================================

STATISTICS BY MANUFACTURER
--------------------------------------------------------------------------------
                 count       mean  median        std  min        max          sum
manufacturer                                                                     
AJ_Vaccines       2240   15827.12     0.0   82061.36  0.0   725270.0   35452760.0
BB_NCIPD          6720    3140.41     0.0   10130.17  0.0    56924.0   21103537.0
Bharat_Biotech    4480   10436.43     0.0   31222.00  0.0   271320.0   46755220.0
Bilthoven         2240    7553.12     0.0   19991.13  0.0    63350.0   16919000.0
Biological_E      8960   25486.37     0.0   73290.50  0.0   450376.0  228357836.0
China_National    4480   11007.21     0.0   23346.45  0.0   148036.0   49312286.0
GSK               8960   13981.76     0.0   30313.00  0.0   235660.0  125276560.0
Haffkine_Bio      2240    1062.12     0.0    2885.18  0.0    24360.0    2379160.0
LG_Chem           6720  143061.25     0.0  272570.88  0.0  1123500.0  961371600.0
Merck_Sharp       2240    5694.50     0.0   16153.81  0.0    58800.0   12755680.0
PT_Bio           11200   24211.72     0.0   63613.19  0.0   384138.0  271171236.0
Panacea_Biotec    4480  111636.64     0.0  223305.93  0.0  1040410.0  500132150.0
Pfizer            2240    7455.12     0.0   19734.82  0.0    60100.0   16699480.0
Sanofi            6720    6184.63     0.0   15355.10  0.0    60100.0   41560722.0
Serum_Institute  20160    1030.81     0.0    3712.92  0.0    38487.4   20781115.6

================================================================================

STATISTICS BY TIME PERIOD START
--------------------------------------------------------------------------------
                   count      mean  median        std  min        max          sum
time_period_start                                                                 
1                  11760   3279.94     0.0   12813.92  0.0    60100.0   38572063.6
2                  11760  25235.76     0.0  104504.92  0.0  1108440.0  296772546.2
3                  11760  27185.62     0.0  110671.53  0.0  1123500.0  319702901.8
4                  11760  28882.02     0.0  116719.60  0.0  1123500.0  339652523.0
5                  11760  30687.00     0.0  121161.02  0.0  1123500.0  360879097.0
6                  11760  32344.85     0.0  125878.59  0.0  1123500.0  380375380.0
7                   9408  29324.62     0.0  107547.70  0.0   898800.0  275886051.0
8                   7056  24693.00     0.0   86280.41  0.0   674100.0  174233815.0
9                   4704  22436.22     0.0   68216.80  0.0   449400.0  105539980.0
10                  2352  24835.88     0.0   88323.62  0.0   725270.0   58413985.0

================================================================================

STATISTICS BY TIME PERIOD END
--------------------------------------------------------------------------------
                 count      mean  median        std  min        max          sum
time_period_end                                                                 
1                 2352   8965.36     0.0   19648.96  0.0    60100.0   21086522.8
2                 4704   5179.21     0.0   22150.62  0.0   209640.0   24363013.6
3                 7056   9524.88     0.0   39668.63  0.0   434340.0   67207539.2
4                 9408  12465.23     0.0   58541.78  0.0   659040.0  117272880.0
5                11760  18489.50     0.0   78963.70  0.0   883740.0  217436536.0
6                11760  27619.14     0.0  109667.51  0.0  1108440.0  324801028.0
7                11760  29994.15     0.0  115919.00  0.0  1123500.0  352731200.8
8                11760  32188.14     0.0  121320.25  0.0  1123500.0  378532498.2
9                11760  33960.68     0.0  126005.72  0.0  1123500.0  399377593.0
10               11760  38028.87     0.0  134572.63  0.0  1123500.0  447219531.0

================================================================================

STATISTICS BY DISCOUNT LEVEL
--------------------------------------------------------------------------------
                count      mean  median        std  min        max           sum
discount_level                                                                  
1               47040   9340.20     0.0   19070.98  0.0    60100.0  4.393630e+08
2               47040  40617.89     0.0  143004.82  0.0  1123500.0  1.910665e+09

================================================================================

STATISTICS BY TIME PERIOD DURATION (END - START)
--------------------------------------------------------------------------------
                 count      mean  median        std  min        max          sum
period_duration                                                                 
0                23520  13693.12     0.0   43669.24  0.0   725270.0  322062292.0
1                21168  17941.53     0.0   68282.67  0.0   449400.0  379786226.8
2                18816  25474.17     0.0  100449.31  0.0   674100.0  479321901.8
3                16464  34556.03     0.0  132243.23  0.0   898800.0  568930410.0
4                14112  42511.87     0.0  162122.60  0.0  1123500.0  599927512.0

================================================================================

STATISTICS BY TRIAL
--------------------------------------------------------------------------------
       count      mean  median        std  min         max         sum
trial                                                                 
1       3360  25234.53     0.0  105460.99  0.0  1123500.00  84788010.7
10      3360  24855.52     0.0  101440.99  0.0  1123500.00  83514535.7
11      3360  24884.85     0.0  101668.88  0.0  1123500.00  83613094.7
12      3360  25232.06     0.0  105280.55  0.0  1123500.00  84779729.7
13      3360  24853.03     0.0  101689.45  0.0  1123500.00  83506170.7
14      3360  25339.39     0.0  105413.33  0.0  1123500.00  85140357.7
15      3360  24862.09     0.0  101137.07  0.0  1123500.00  83536634.7
16      3360  25296.96     0.0  105387.76  0.0  1123500.00  84997782.7
17      3360  25327.58     0.0  105506.45  0.0  1123500.00  85100656.7
18      3360  24878.69     0.0  101141.86  0.0  1123500.00  83592382.7
19      3360  24881.30     0.0  101721.15  0.0  1123500.00  83601180.7
2       3360  25233.82     0.0  105060.22  0.0  1123500.00  84785644.7
20      3360  24850.95     0.0  101201.19  0.0  1123500.00  83499205.7
21      3360  24835.63     0.0  104531.83  0.0  1123500.00  83447720.7
22      3360  24863.29     0.0  101677.77  0.0  1123500.00  83540645.7
23      3360  24902.23     0.0  104234.50  0.0  1089099.45  83671478.7
24      3360  24861.83     0.0  101687.97  0.0  1123500.00  83535745.7
25      3360  24907.15     0.0  104722.02  0.0  1123500.00  83688040.7
26      3360  24931.10     0.0  104497.39  0.0  1123500.00  83768484.7
27      3360  24864.95     0.0  101197.91  0.0  1123500.00  83546245.7
28      3360  24853.73     0.0  103364.27  0.0  1123500.00  83508536.7
3       3360  24852.71     0.0  101340.48  0.0  1123500.00  83505120.7
4       3360  25224.49     0.0  104481.28  0.0  1044133.54  84754277.7
5       3360  24857.26     0.0  101143.35  0.0  1123500.00  83520387.7
6       3360  24932.97     0.0  104963.43  0.0  1123500.00  83774769.7
7       3360  24867.48     0.0  101689.29  0.0  1123500.00  83554743.7
8       3360  24992.88     0.0  103134.36  0.0  1123500.00  83976072.7
9       3360  24934.73     0.0  105001.03  0.0  1123500.00  83780684.7

================================================================================
