================================================================================
STATISTICAL ANALYSIS REPORT - Q Data
================================================================================

OVERALL STATISTICS
--------------------------------------------------------------------------------
total_records...........................       100800.00
mean_quantity...........................        24981.07
median_quantity.........................            0.00
std_quantity............................       103249.09
min_quantity............................            0.00
max_quantity............................      1123500.00
sum_quantity............................   2518092024.00
non_zero_pct............................           21.01

================================================================================

STATISTICS BY VACCINE
--------------------------------------------------------------------------------
           count       mean  median        std  min         max           sum
vaccine                                                                      
DT          4800   10337.66     0.0   18660.07  0.0    60100.00  4.962075e+07
DTwP        4800    5368.68     0.0   14410.00  0.0    60100.00  2.576964e+07
DTwP-Hib    2400    1064.69     0.0    1932.13  0.0     7801.50  2.555251e+06
HPV         7200   15505.91     0.0   33543.96  0.0   235660.00  1.116425e+08
HepB        4800     375.63     0.0    4736.94  0.0    60100.00  1.803000e+06
Hexa        2400   17128.56     0.0   22465.51  0.0    60100.00  4.110856e+07
IPV         9600   46849.38     0.0  141634.02  0.0   986202.46  4.497540e+08
OPV        19200    5745.56     0.0   22307.67  0.0   282210.00  1.103148e+08
PCV         7200    6282.70     0.0   17156.96  0.0    60100.00  4.523542e+07
Penta      12000  130199.59     0.0  238873.37  0.0  1123500.00  1.562395e+09
Rotavirus   7200    8870.79     0.0   27156.42  0.0   271320.00  6.386969e+07
TT          9600    1468.33     0.0    7912.06  0.0    60100.00  1.409596e+07
Td          9600    4159.09     0.0   11635.98  0.0    60100.00  3.992729e+07

================================================================================

STATISTICS BY MANUFACTURER
--------------------------------------------------------------------------------
                 count       mean  median        std  min        max           sum
manufacturer                                                                      
AJ_Vaccines       2400   15827.12     0.0   82060.14  0.0   725270.0  3.798510e+07
BB_NCIPD          7200    3107.18     0.0    9913.97  0.0    55601.0  2.237171e+07
Bharat_Biotech    4800   10474.28     0.0   31254.85  0.0   271320.0  5.027654e+07
Bilthoven         2400    7553.12     0.0   19990.83  0.0    63350.0  1.812750e+07
Biological_E      9600   25486.37     0.0   73290.22  0.0   450376.0  2.446691e+08
China_National    4800   10963.42     0.0   23350.40  0.0   148036.0  5.262441e+07
GSK               9600   14037.98     0.0   30319.58  0.0   235660.0  1.347646e+08
Haffkine_Bio      2400    1052.22     0.0    2845.97  0.0    24360.0  2.525320e+06
LG_Chem           7200  143061.25     0.0  272563.87  0.0  1123500.0  1.030041e+09
Merck_Sharp       2400    5685.35     0.0   16137.51  0.0    60100.0  1.364484e+07
PT_Bio           12000   24205.30     0.0   63916.05  0.0   384138.0  2.904636e+08
Panacea_Biotec    4800  111647.95     0.0  223521.10  0.0  1040410.0  5.359102e+08
Pfizer            2400    7455.12     0.0   19734.53  0.0    60100.0  1.789230e+07
Sanofi            7200    6184.77     0.0   15358.88  0.0    60100.0  4.453032e+07
Serum_Institute  21600    1030.81     0.0    3681.56  0.0    38487.4  2.226548e+07

================================================================================

STATISTICS BY TIME PERIOD START
--------------------------------------------------------------------------------
                   count      mean  median        std  min        max          sum
time_period_start                                                                 
1                  12600   3280.09     0.0   12816.65  0.0    60100.0   41329171.0
2                  12600  25238.17     0.0  104559.78  0.0  1108440.0  318000886.0
3                  12600  27200.49     0.0  110729.38  0.0  1123500.0  342726172.0
4                  12600  28858.39     0.0  116779.46  0.0  1123500.0  363615770.0
5                  12600  30679.74     0.0  121269.82  0.0  1123500.0  386564670.0
6                  12600  32428.50     0.0  125900.26  0.0  1123500.0  408599160.0
7                  10080  29276.82     0.0  107554.62  0.0   898800.0  295110318.0
8                   7560  24670.71     0.0   86269.56  0.0   674100.0  186510604.0
9                   5040  22411.38     0.0   68195.75  0.0   449400.0  112953374.0
10                  2520  24873.77     0.0   88341.30  0.0   725270.0   62681899.0

================================================================================

STATISTICS BY TIME PERIOD END
--------------------------------------------------------------------------------
                 count      mean  median        std  min        max          sum
time_period_end                                                                 
1                 2520   8965.36     0.0   19644.04  0.0    60100.0   22592703.0
2                 5040   5201.98     0.0   22170.24  0.0   209640.0   26217972.0
3                 7560   9478.43     0.0   39697.70  0.0   434340.0   71656954.0
4                10080  12376.30     0.0   58557.51  0.0   659040.0  124753080.0
5                12600  18527.46     0.0   79003.80  0.0   883740.0  233445976.0
6                12600  27760.90     0.0  109718.05  0.0  1108440.0  349787323.0
7                12600  30081.66     0.0  115967.82  0.0  1123500.0  379028950.0
8                12600  31981.16     0.0  121386.48  0.0  1123500.0  402962577.0
9                12600  33918.41     0.0  126056.95  0.0  1123500.0  427371968.0
10               12600  38117.03     0.0  134600.76  0.0  1123500.0  480274521.0

================================================================================

STATISTICS BY DISCOUNT LEVEL
--------------------------------------------------------------------------------
                count      mean  median        std  min        max           sum
discount_level                                                                  
1               50400   9311.30     0.0   19036.12  0.0    60100.0  4.692894e+08
2               50400  40650.85     0.0  143064.65  0.0  1123500.0  2.048803e+09

================================================================================

STATISTICS BY TIME PERIOD DURATION (END - START)
--------------------------------------------------------------------------------
                 count      mean  median        std  min        max          sum
period_duration                                                                 
0                25200  13718.84     0.0   43669.87  0.0   725270.0  345714840.0
1                22680  17903.72     0.0   68288.02  0.0   449400.0  406056269.0
2                20160  25442.32     0.0  100479.22  0.0   674100.0  512917102.0
3                17640  34591.34     0.0  132306.57  0.0   898800.0  610191153.0
4                15120  42540.52     0.0  162210.64  0.0  1123500.0  643212660.0

================================================================================

STATISTICS BY TRIAL
--------------------------------------------------------------------------------
       count      mean  median        std  min         max         sum
trial                                                                 
1       3360  25233.82     0.0  105458.20  0.0  1123500.00  84785644.7
10      3360  24853.03     0.0  101369.22  0.0  1123500.00  83506170.7
11      3360  24853.03     0.0  101690.38  0.0  1123500.00  83506170.7
12      3360  25233.82     0.0  105277.61  0.0  1123500.00  84785644.7
13      3360  24853.03     0.0  101689.48  0.0  1123500.00  83506170.7
14      3360  25326.23     0.0  105505.53  0.0  1123500.00  85096124.7
15      3360  24840.14     0.0  101099.88  0.0  1123500.00  83462882.7
16      3360  25296.96     0.0  105387.59  0.0  1123500.00  84997782.7
17      3360  25327.58     0.0  105506.28  0.0  1123500.00  85100656.7
18      3360  24872.65     0.0  101106.66  0.0  1123500.00  83572088.7
19      3360  24867.56     0.0  102003.49  0.0  1123500.00  83555015.7
2       3360  25233.82     0.0  105060.15  0.0  1123500.00  84785644.7
20      3360  24852.71     0.0  101198.04  0.0  1123500.00  83505120.7
21      3360  24950.36     0.0  103404.99  0.0  1123500.00  83833219.7
22      3360  24853.03     0.0  101673.54  0.0  1123500.00  83506170.7
23      3360  24929.80     0.0  104020.99  0.0  1082858.25  83764122.7
24      3360  24853.03     0.0  101689.64  0.0  1123500.00  83506170.7
25      3360  24934.73     0.0  104519.22  0.0  1123500.00  83780684.7
26      3360  24919.13     0.0  104496.40  0.0  1123500.00  83728262.7
27      3360  24837.27     0.0  101491.67  0.0  1123500.00  83453215.7
28      3360  24851.27     0.0  103252.26  0.0  1123500.00  83500255.7
29      3360  24930.77     0.0  103193.70  0.0  1123500.00  83767370.7
3       3360  24852.71     0.0  101340.31  0.0  1123500.00  83505120.7
30      3360  25233.82     0.0  105350.77  0.0  1123500.00  84785644.7
4       3360  25224.84     0.0  104499.18  0.0  1036097.54  84755460.7
5       3360  24843.28     0.0  101319.62  0.0  1123500.00  83473410.7
6       3360  24934.73     0.0  104961.52  0.0  1123500.00  83780684.7
7       3360  24853.03     0.0  101683.87  0.0  1123500.00  83506170.7
8       3360  24851.27     0.0  103255.16  0.0  1123500.00  83500255.7
9       3360  24934.73     0.0  105001.98  0.0  1123500.00  83780684.7

================================================================================
