================================================================================
STATISTICAL ANALYSIS REPORT - Q Data
================================================================================

OVERALL STATISTICS
--------------------------------------------------------------------------------
total_records...........................       100800.00
mean_quantity...........................        21242.34
median_quantity.........................            0.00
std_quantity............................        92268.22
min_quantity............................            0.00
max_quantity............................      1123500.00
sum_quantity............................   2141227914.76
non_zero_pct............................           19.37

================================================================================

STATISTICS BY VACCINE
--------------------------------------------------------------------------------
           count       mean  median        std  min        max           sum
vaccine                                                                     
DT          4800    8922.75     0.0   17413.45  0.0    60100.0  4.282919e+07
DTwP        4800    5822.65     0.0   14736.10  0.0    97263.0  2.794873e+07
DTwP-Hib    2400    4626.73     0.0    6515.96  0.0    26005.0  1.110414e+07
HPV         7200     737.24     0.0    5289.25  0.0    60100.0  5.308153e+06
HepB        4800     453.92     0.0    5190.18  0.0    60100.0  2.178834e+06
Hexa        2400   11217.44     0.0   15170.95  0.0    48650.0  2.692186e+07
IPV         9600   43766.47     0.0  132211.93  0.0   898800.0  4.201581e+08
OPV        19200    9526.71     0.0   37127.65  0.0   467600.0  1.829128e+08
PCV         7200     319.05     0.0    4229.76  0.0    60100.0  2.297130e+06
Penta      12000  107824.12     0.0  212012.03  0.0  1123500.0  1.293889e+09
Rotavirus   7200    4607.50     0.0   15617.32  0.0   142800.0  3.317399e+07
TT          9600    2482.94     0.0   10108.95  0.0    60100.0  2.383623e+07
Td          9600    7153.06     0.0   15913.61  0.0    60100.0  6.866935e+07

================================================================================

STATISTICS BY MANUFACTURER
--------------------------------------------------------------------------------
                 count       mean  median        std  min        max           sum
manufacturer                                                                      
AJ_Vaccines       2400   10618.94     0.0   46746.04  0.0   557900.0  2.548545e+07
BB_NCIPD          7200    2759.29     0.0    8828.24  0.0    55461.0  1.986690e+07
Bharat_Biotech    4800    5813.27     0.0   17724.62  0.0   142800.0  2.790370e+07
Bilthoven         2400    7189.25     0.0   19516.53  0.0    63350.0  1.725419e+07
Biological_E      9600   19398.25     0.0   46318.73  0.0   266350.0  1.862232e+08
China_National    4800    2901.57     0.0   11275.68  0.0    87080.0  1.392754e+07
GSK               9600    2521.69     0.0    9894.97  0.0    72800.0  2.420827e+07
Haffkine_Bio      2400    1009.92     0.0    2713.61  0.0    16240.0  2.423820e+06
LG_Chem           7200  140948.98     0.0  270295.54  0.0  1123500.0  1.014833e+09
Merck_Sharp       2400     654.36     0.0    3643.93  0.0    49000.0  1.570474e+06
PT_Bio           12000   23963.69     0.0   55616.77  0.0   317100.0  2.875643e+08
Panacea_Biotec    4800   95702.76     0.0  151786.74  0.0   584500.0  4.593732e+08
Pfizer            2400     820.64     0.0    6953.31  0.0    60100.0  1.969530e+06
Sanofi            7200    4746.48     0.0   10208.65  0.0    48650.0  3.417467e+07
Serum_Institute  21600    1131.94     0.0    3682.00  0.0    26005.0  2.444990e+07

================================================================================

STATISTICS BY TIME PERIOD START
--------------------------------------------------------------------------------
                   count      mean  median        std  min        max           sum
time_period_start                                                                  
1                  12600   2732.37     0.0   11669.78  0.0    60100.0  3.442784e+07
2                  12600  22889.55     0.0   97647.57  0.0  1108440.0  2.884083e+08
3                  12600  24187.02     0.0  101415.56  0.0  1123500.0  3.047564e+08
4                  12600  25213.23     0.0  104784.64  0.0  1123500.0  3.176867e+08
5                  12600  26587.68     0.0  108819.75  0.0  1123500.0  3.350048e+08
6                  12600  27858.95     0.0  111694.75  0.0  1123500.0  3.510228e+08
7                  10080  23746.15     0.0   94320.08  0.0   898800.0  2.393612e+08
8                   7560  19974.44     0.0   75727.00  0.0   674100.0  1.510068e+08
9                   5040  16585.10     0.0   56114.60  0.0   449400.0  8.358889e+07
10                  2520  14271.54     0.0   53633.45  0.0   557900.0  3.596427e+07

================================================================================

STATISTICS BY TIME PERIOD END
--------------------------------------------------------------------------------
                 count      mean  median        std  min        max           sum
time_period_end                                                                  
1                 2520   8439.23     0.0   19148.42  0.0    60100.0  2.126687e+07
2                 5040   5084.96     0.0   21437.20  0.0   209640.0  2.562821e+07
3                 7560   8843.40     0.0   37989.46  0.0   434340.0  6.685614e+07
4                10080  11882.69     0.0   55190.98  0.0   659040.0  1.197775e+08
5                12600  16652.53     0.0   73553.92  0.0   883740.0  2.098219e+08
6                12600  25084.26     0.0  100792.26  0.0  1108440.0  3.160617e+08
7                12600  25816.46     0.0  104410.48  0.0  1123500.0  3.252874e+08
8                12600  26599.11     0.0  108273.81  0.0  1123500.0  3.351487e+08
9                12600  28302.50     0.0  112999.81  0.0  1123500.0  3.566115e+08
10               12600  28949.83     0.0  114433.84  0.0  1123500.0  3.647679e+08

================================================================================

STATISTICS BY DISCOUNT LEVEL
--------------------------------------------------------------------------------
                count      mean  median        std  min        max           sum
discount_level                                                                  
1               50400   7225.70     0.0   15919.19  0.0    60100.0  3.641755e+08
2               50400  35258.98     0.0  127986.94  0.0  1123500.0  1.777052e+09

================================================================================

STATISTICS BY TIME PERIOD DURATION (END - START)
--------------------------------------------------------------------------------
                 count      mean  median        std  min        max           sum
period_duration                                                                  
0                25200  11750.68     0.0   35224.55  0.0   557900.0  2.961172e+08
1                22680  15103.44     0.0   60897.59  0.0   449400.0  3.425461e+08
2                20160  22341.89     0.0   90310.02  0.0   674100.0  4.504125e+08
3                17640  29017.00     0.0  118757.84  0.0   898800.0  5.118599e+08
4                15120  35733.61     0.0  145981.99  0.0  1123500.0  5.402923e+08

================================================================================

STATISTICS BY TRIAL
--------------------------------------------------------------------------------
       count      mean  median       std  min        max          sum
trial                                                                
1       3360  21024.40     0.0  92199.67  0.0  1123500.0  70641989.91
10      3360  22073.10     0.0  93480.47  0.0  1123500.0  74165619.45
11      3360  21556.87     0.0  91941.52  0.0  1123500.0  72431076.90
12      3360  20628.71     0.0  90743.94  0.0  1123500.0  69312470.70
13      3360  21665.15     0.0  92162.11  0.0  1123500.0  72794912.87
14      3360  20266.46     0.0  91203.27  0.0  1123500.0  68095306.51
15      3360  22187.91     0.0  94220.77  0.0  1123500.0  74551372.18
16      3360  20814.13     0.0  90710.38  0.0  1123500.0  69935474.28
17      3360  20637.05     0.0  91155.43  0.0  1123500.0  69340487.37
18      3360  21166.75     0.0  92799.64  0.0  1123500.0  71120272.10
19      3360  21660.57     0.0  92139.17  0.0  1123500.0  72779522.82
2       3360  20565.72     0.0  91220.22  0.0  1123500.0  69100834.40
20      3360  21703.89     0.0  93104.92  0.0  1123500.0  72925070.70
21      3360  20889.05     0.0  90812.96  0.0  1123500.0  70187198.17
22      3360  21577.76     0.0  92783.11  0.0  1123500.0  72501269.00
23      3360  21370.94     0.0  91618.32  0.0  1123500.0  71806353.63
24      3360  20967.43     0.0  92442.20  0.0  1123500.0  70450560.17
25      3360  21540.25     0.0  93313.14  0.0  1123500.0  72375225.59
26      3360  21761.22     0.0  93044.08  0.0  1123500.0  73117698.70
27      3360  21084.39     0.0  92695.53  0.0  1123500.0  70843537.85
28      3360  20981.28     0.0  92398.67  0.0  1123500.0  70497106.70
29      3360  21823.69     0.0  93150.35  0.0  1123500.0  73327609.16
3       3360  21717.92     0.0  93184.82  0.0  1123500.0  72972201.50
30      3360  20748.31     0.0  91698.29  0.0  1123500.0  69714330.46
4       3360  21381.75     0.0  91761.66  0.0  1123500.0  71842670.24
5       3360  21043.62     0.0  92787.59  0.0  1123500.0  70706555.05
6       3360  21117.72     0.0  92469.59  0.0  1123500.0  70955541.83
7       3360  20871.51     0.0  91548.47  0.0  1123500.0  70128270.32
8       3360  21172.54     0.0  92399.33  0.0  1123500.0  71139740.11
9       3360  21270.13     0.0  93095.14  0.0  1123500.0  71467636.08

================================================================================
